0.3726
0.3726
0.3726
0.3726
0.3726
0.3726
0.3726
0.3726
0.3726
0.3726
0.3726
0.3726
0.3726
0.3726
0.3726
0.3726
0.3726
0.3726
0.3726
0.3726
0.3726
0.3726
0.3726
0.3726
0.3726
0.3726
0.3726
0.3726
0.3727
0.3727
0.3727
0.3727
0.3727
0.3727
0.3727
0.3727
0.3727
0.3727
0.3726
0.3725
0.3724
0.3723
0.3721
0.3719
0.3716
0.3714
0.3711
0.3708
0.3705
0.3702
0.3698
0.3695
0.3691
0.3688
0.3684
0.3680
0.3677
0.3673
0.3670
0.3667
0.3665
0.3663
0.3662
0.3660
0.3660
0.3659
0.3658
0.3658
0.3658
0.3658
0.3658
0.3658
0.3658
0.3658
0.3659
0.3659
0.3659
0.3659
0.3659
0.3659
0.3659
0.3659
0.3659
0.3659
0.3659
0.3659
0.3659
0.3659
0.3659
0.3660
0.3660
0.3660
0.3660
0.3660
0.3660
0.3660
0.3660
0.3660
0.3660
0.3660
0.3660
0.3660
0.3660
0.3660
0.3661
0.3661
0.3661
0.3661
0.3661
0.3661
0.3661
0.3661
0.3661
0.3661
0.3661
0.3661
0.3661
0.3661
0.3661
0.3662
0.3662
0.3662
0.3662
0.3662
0.3662
0.3662
0.3662
0.3662
