Absolute Loss: [[8.9698494e+05 8.9742609e+02 3.5766287e+00 ... 1.1731829e+03
  6.4602606e+02 7.6020258e+02]
 [4.2085116e+05 4.9944193e+02 1.8053383e+00 ... 8.2061670e+02
  4.1439529e+02 3.0468073e+02]
 [1.9056528e+06 1.5494097e+03 7.2315001e+00 ... 1.4434987e+03
  1.0999902e+03 1.3885316e+03]
 ...
 [6.5723806e+05 6.4047296e+02 2.7256417e+00 ... 8.4624585e+02
  4.9225525e+02 3.7011154e+02]
 [7.2619625e+05 6.4979681e+02 2.8428822e+00 ... 8.4866498e+02
  5.0041827e+02 5.0785513e+02]
 [5.2520494e+05 5.7387256e+02 2.3073192e+00 ... 8.8617419e+02
  5.0282437e+02 4.2217310e+02]]
Relative Loss: [[0.04047727 0.0152246  0.03148981 ... 0.09659839 0.01040899 0.01238631]
 [0.01847928 0.00867182 0.01518572 ... 0.0691795  0.00685515 0.00509012]
 [0.07384318 0.02664546 0.05506953 ... 0.10953202 0.01799678 0.02298874]
 ...
 [0.02665119 0.01086569 0.02179237 ... 0.06690437 0.0079245  0.00603351]
 [0.03272952 0.01108347 0.02493901 ... 0.06932177 0.00814464 0.00834743]
 [0.02242814 0.00981477 0.0191868  ... 0.0716386  0.0081788  0.00694399]]
